    0.1869    0.2293         0
    0.2528    0.1516         0
    0.1557    0.3124         0
    0.8567    0.9282    1.0000
    0.3429    0.4297         0
    0.7578    0.7971    1.0000
    0.7394    0.6861    1.0000
    0.6058    0.8442    1.0000
    0.4100    0.1846         0
    0.3094    0.2262         0
    0.3373    0.3794         0
    0.3819    0.3409         0
    0.0058    0.1699         0
    0.7579    0.7844    1.0000
    0.8119    0.6424    1.0000
    0.6891    0.9047    1.0000
    0.3352    0.2257         0
    0.8096    0.6320    1.0000
    0.9806    0.7042    1.0000
    0.7235    0.7308    1.0000
    0.6342    0.8224    1.0000
    0.8898    0.7616    1.0000
    0.2465    0.3467         0
    0.8564    0.8295    1.0000
    0.3901    0.3596         0
    0.5921    0.6684    1.0000
    0.1312    0.2297         0
    0.2452    0.2816         0
    0.2732    0.2761         0
    0.8978    0.7948    1.0000
    0.3639    0.3134         0
    0.2365    0.2127         0
    0.7020    0.8531    1.0000
    0.3142    0.4338         0
    0.6895    0.7218    1.0000
    0.4296    0.3244         0
    0.5552    0.6052    1.0000
    0.7583    0.6148    1.0000
    0.1284    0.3797         0
    0.1344    0.0667         0
    0.6664    0.7461    1.0000
    0.9391    0.5006    1.0000
    0.3113    0.2594         0
    0.6261    0.6512    1.0000
    0.7817    0.5897    1.0000
    0.2666    0.3167         0
    0.3515    0.1312         0
    0.2650    0.3041         0
    0.7454    0.8009    1.0000
    0.3627    0.2748         0
    0.1368    0.3063         0
    0.7675    0.7322    1.0000
    0.7587    0.8045    1.0000
    0.7815    0.7101    1.0000
    0.1988    0.3760         0
    0.7843    0.8168    1.0000
    0.6483    0.6969    1.0000
    0.2725    0.3618         0
    0.1419    0.2482         0
    0.9541    0.6030    1.0000
    0.8423    0.7247    1.0000
    0.5930    0.6829    1.0000
    0.1653    0.0855         0
    0.6653    0.6845    1.0000
    0.2921    0.2557         0
    0.7749    0.7607    1.0000
    0.6700    0.8650    1.0000
    0.9896    0.6726    1.0000
    0.2013    0.2501         0
    0.7398    0.6367    1.0000
    0.2623    0.3467         0
    0.1536    0.1688         0
    0.7555    0.6454    1.0000
    0.7735    0.7904    1.0000
    0.7518    0.5965    1.0000
    0.7005    0.6455    1.0000
    0.2791    0.1136         0
    0.1531    0.3293         0
    0.2982    0.2091         0
    0.6569    0.6890    1.0000
    0.5007    0.8681    1.0000
    0.3486    0.2420         0
    0.8220    0.5932    1.0000
    0.7282    0.7824    1.0000
    0.1734    0.2545         0
    0.4975    0.1096         0
    0.2527    0.2224         0
    0.4834    0.8316    1.0000
    0.3273    0.0698         0
    0.8547    0.6796    1.0000
    0.1839    0.1017         0
    0.3663    0.1814         0
    0.6619    0.7731    1.0000
    0.6147    0.6634    1.0000
    0.2350    0.2079         0
    0.6110    0.7072    1.0000
    0.2869    0.3632         0
    0.7152    0.6426    1.0000
    0.3433    0.3291         0
    0.8056    0.6490    1.0000
    0.2769    0.2528         0
    0.2423    0.1402         0
    0.2012    0.3225         0
    0.2908    0.2349         0
    0.4308    0.1026         0
    0.2256    0.3211         0
    0.3527    0.2507         0
    0.1912    0.2522         0
    0.2510    0.4695         0
    0.5575    0.2551         0
    0.2430    0.4051         0
    0.7578    0.6820    1.0000
    0.2792    0.2378         0
    0.3572    0.3394         0
    0.7493    0.6301    1.0000
    0.7825    0.7937    1.0000
    0.3650    0.2633         0
    0.9011    0.7673    1.0000
    0.6183    0.7674    1.0000
    0.6782    0.6578    1.0000
    0.5957    0.8245    1.0000
    0.1157    0.1218         0
    0.2417    0.2698         0
    0.8340    0.6681    1.0000
    0.2087    0.0996         0
    0.7195    0.7818    1.0000
    0.0349    0.3664         0
    0.5780    0.7030    1.0000
    0.3039    0.1685         0
    0.2627    0.2660         0
    0.2351    0.2273         0
    0.5111    0.7097    1.0000
    0.8581    0.7099    1.0000
    0.8816    0.7679    1.0000
    0.9619    0.7532    1.0000
    0.7351    0.6133    1.0000
    0.6824    0.6696    1.0000
    0.4503    0.3583         0
    0.2360    0.1844         0
    0.8924    0.6485    1.0000
    0.2802    0.4047         0
    0.6908    0.7394    1.0000
    0.8848    0.7804    1.0000
    0.7567    0.7775    1.0000
    0.2732    0.2505         0
    0.5483    0.6658    1.0000
    0.2916    0.2310         0
    0.6851    0.6548    1.0000
    0.2671    0.3558         0
    0.6997    0.7233    1.0000
    0.5846    0.1335         0
    0.3632    0.1630         0
    0.6592    0.6593    1.0000
    0.6914    0.9548    1.0000
    0.2088    0.2573         0
    0.6450    0.7365    1.0000
    0.5558    0.8983    1.0000
    0.7275    0.7382    1.0000
    0.3295    0.2074         0
    0.1937    0.1594         0
    0.7942    0.8812    1.0000
    0.7188    0.8256    1.0000
    0.2967    0.1947         0
    0.3413    0.2824         0
    0.6825    0.6025    1.0000
    0.6631    0.6688    1.0000
    0.2084    0.4308         0
    0.3892    0.0574         0
    0.1977    0.1577         0
    0.3961    0.2245         0
    0.4368    0.2182         0
    0.3667    0.2666         0
    0.6731    0.7024    1.0000
    0.6437    0.7101    1.0000
    0.2582    0.2367         0
    0.8054    0.7564    1.0000
    0.3794    0.3046         0
    0.9377    0.6647    1.0000
    0.2800    0.1040         0
    0.6180    0.8177    1.0000
    0.5942    0.6716    1.0000
    0.7581    0.7422    1.0000
    0.5224    0.5300    1.0000
    0.6830    0.7024    1.0000
    0.3008    0.2418         0
    0.6977    0.5993    1.0000
    0.6586    0.7459    1.0000
    0.1740    0.3104         0
    0.1287    0.2673         0
    0.1764    0.2255         0
    0.7966    0.7281    1.0000
    0.8682    0.7478    1.0000
    0.3011    0.2937         0
    0.1413    0.2878         0
    0.2557    0.1544         0
    0.3172    0.2007         0
    0.3843    0.2426         0
    0.3218    0.0350         0
    0.1870    0.2580         0
    0.6935    0.6464    1.0000
    0.2177    0.1038         0
    0.1635    0.1947         0
    0.7986    0.6833    1.0000
    0.6789    0.8675    1.0000
    0.2404    0.2064         0
    0.2828         0         0
    0.6112    0.6726    1.0000
    0.8215    0.7358    1.0000
    0.2862    0.0570         0
    0.6090    0.7385    1.0000
    0.3832    0.2166         0
    0.1318    0.2682         0
    0.6134    0.8307    1.0000
    0.7430    0.7996    1.0000
    0.2127    0.2774         0
    0.7248    0.6500    1.0000
    0.3809    0.1639         0
    0.2388    0.0408         0
    0.8435    0.7065    1.0000
    0.4042    0.2265         0
    0.8629    0.6974    1.0000
    0.4269    0.4164         0
    0.1382    0.2094         0
    0.3273    0.3135         0
    0.2690    0.2639         0
    0.2679    0.3988         0
    0.7268    0.8497    1.0000
    0.7350    0.7164    1.0000
    0.2734    0.1164         0
    0.3059    0.3501         0
    0.2409    0.2379         0
    0.1474    0.3546         0
    0.7360    0.6113    1.0000
    0.7425    0.8137    1.0000
    0.1750    0.3608         0
    0.1279    0.2698         0
    0.8359    0.8620    1.0000
    0.8291    0.7053    1.0000
    0.7829    0.7649    1.0000
    0.7423    0.6934    1.0000
    0.6381    0.6745    1.0000
    0.4177    0.2659         0
    0.0883    0.3726         0
    0.4422    0.2632         0
    0.6059    0.5900    1.0000
    0.2923    0.2650         0
    0.2937    0.3368         0
    0.2096    0.2787         0
    0.7861    0.6404    1.0000
    0.2349    0.2001         0
    0.0894    0.3777         0
    0.7795    0.5974    1.0000
    0.6184    0.5907    1.0000
    0.3243    0.1036         0
    0.2825    0.3142         0
    0.4841    0.2812         0
    0.3890    0.3304         0
    0.2394    0.1823         0
    0.8611    0.6230    1.0000
    0.6067    0.8589    1.0000
    0.6932    0.7816    1.0000
    0.2585    0.2761         0
    0.2632    0.3780         0
    0.4094    0.1323         0
    0.3977    0.3727         0
    0.7679    0.6914    1.0000
    0.0996    0.3154         0
    0.9144    0.6194    1.0000
    0.3999    0.2561         0
    0.3204    0.2139         0
    0.8467    0.6089    1.0000
    0.7885    0.7708    1.0000
    0.2582    0.2649         0
    0.2809    0.2408         0
    0.2863    0.3214         0
    0.7780    0.6838    1.0000
    0.2770    0.1821         0
    0.8823    0.7287    1.0000
    0.6409    0.6599    1.0000
    0.2113    0.2913         0
    0.2833    0.1749         0
    0.6934    0.6087    1.0000
    0.6087    0.7952    1.0000
    0.3368    0.1991         0
    0.1953    0.4020         0
    0.4564    0.2824         0
    0.5752    0.8101    1.0000
    0.3217    0.2901         0
    0.2732    0.1499         0
    0.5871    0.8649    1.0000
    0.3032    0.3368         0
    0.1182    0.1992         0
    0.5882    0.6383    1.0000
    0.6581    0.9074    1.0000
    0.3339    0.2118         0
    0.3107    0.0773         0
    0.5722    0.7435    1.0000
    0.1478    0.3296         0
    0.7884    0.9337    1.0000
    0.1806    0.1908         0
    0.6218    0.9380    1.0000
    0.2898    0.2571         0
    0.7636    0.7086    1.0000
    0.1610    0.1478         0
    0.3335    0.1938         0
    0.7965    0.6341    1.0000
    0.6845    0.5276    1.0000
    0.2427    0.3329         0
    0.2166    0.2676         0
    0.4003    0.1599         0
    0.2925    0.3982         0
    0.7721    0.7850    1.0000
    0.3065    0.2813         0
    0.6697    0.8161    1.0000
    0.7503    0.8692    1.0000
    0.6724    0.7640    1.0000
    0.2351    0.2048         0
    0.2314    0.2742         0
    0.7718    0.5803    1.0000
    0.6880    0.6919    1.0000
    0.1952    0.3926         0
    0.8670    0.8274    1.0000
    0.0843    0.2691         0
    0.2434    0.2438         0
    0.7425    0.8613    1.0000
    0.7080    0.6197    1.0000
    0.1912    0.3107         0
    0.7803    0.6537    1.0000
    0.7099    0.7582    1.0000
    0.2653    0.2454         0
    0.3365    0.1716         0
    0.2759    0.1154         0
    0.8116    0.7008    1.0000
    0.7213    0.6983    1.0000
    0.8217    0.7117    1.0000
    0.1142    0.2261         0
    0.5914    0.5704    1.0000
    0.6394    0.8078    1.0000
    0.2162    0.3419         0
    0.8158    0.7584    1.0000
    0.2641    0.3223         0
    0.3689    0.1240         0
    0.9205    0.7166    1.0000
    0.2150    0.1418         0
    0.6903    0.6732    1.0000
    0.3304    0.2848         0
    0.6463    0.7728    1.0000
    0.1248    0.1668         0
    0.2703    0.2196         0
    0.3567    0.2702         0
    0.4405    0.6956    1.0000
    0.3649    0.2436         0
    0.5009    0.5990    1.0000
    0.1296    0.4181         0
    0.7041    0.6847    1.0000
    0.6533    0.7562    1.0000
    0.4409    0.1711         0
    0.6106    0.7267    1.0000
    0.7803    0.6940    1.0000
    0.2399    0.1418         0
    0.1700    0.4430         0
    0.2560    0.1751         0
    0.7887    0.8186    1.0000
    0.5898    0.7247    1.0000
    0.1126    0.2423         0
    0.1155    0.2693         0
    0.3657    0.3529         0
    0.2997    0.0965         0
    0.2994    0.3246         0
    0.1201    0.1859         0
    0.8265    0.8065    1.0000
    0.2868    0.1418         0
    0.2393    0.3180         0
    0.3478    0.2295         0
    0.6687    0.5669    1.0000
    0.2904    0.2966         0
    0.7928    0.6866    1.0000
    0.1739    0.1820         0
    0.5663    0.7518    1.0000
    0.8521    0.7650    1.0000
         0    0.3054         0
    0.3140    0.2330         0
    0.3374    0.1859         0
    0.9074    0.7052    1.0000
    0.7664    0.7101    1.0000
    0.1243    0.2575         0
    0.1650    0.3116         0
    0.1662    0.2414         0
    0.6796    0.7217    1.0000
    0.1533    0.2178         0
    0.8546    0.8416    1.0000
    0.2157    0.2671         0
    0.2108    0.1934         0
    0.7593    0.6751    1.0000
    0.7039    0.5866    1.0000
    0.6230    0.7461    1.0000
    0.2803    0.4147         0
    0.7434    0.8621    1.0000
    0.1426    0.1740         0
    0.3167    0.1655         0
    0.5236    0.7755    1.0000
    0.2735    0.0769         0
    0.4350    0.3083         0
    0.7130    0.7084    1.0000
    0.3011    0.1029         0
    0.2042    0.0916         0
    0.2536    0.2358         0
    0.7598    0.8000    1.0000
    0.6980    0.7166    1.0000
    0.2560    0.2018         0
    0.6559    0.7817    1.0000
    0.6588    0.5448    1.0000
    0.6662    0.5674    1.0000
    0.6294    0.8054    1.0000
    0.1431    0.2319         0
    0.7214    0.7643    1.0000
    0.2473    0.0753         0
    0.2446    0.3695         0
    0.6250    0.8107    1.0000
    0.7238    0.6002    1.0000
    0.8132    0.7627    1.0000
    0.8982    0.7108    1.0000
    0.7754    0.4168    1.0000
    0.2641    0.2559         0
    0.8479    0.6214    1.0000
    0.8038    0.8439    1.0000
    0.7221    0.9663    1.0000
    0.1486    0.1187         0
    0.5726    0.9249    1.0000
    0.2880    0.2236         0
    0.6933    0.6637    1.0000
    0.7850    0.6527    1.0000
    0.2385    0.2933         0
    0.3068    0.0840         0
    0.8683    0.7422    1.0000
    0.8639    0.6193    1.0000
    0.7616    0.7839    1.0000
    0.6146    0.6289    1.0000
    0.7251    0.5400    1.0000
    0.2330    0.1833         0
    0.4599    0.2706         0
    0.6221    0.8383    1.0000
    0.8800    0.6680    1.0000
    0.7871    0.6868    1.0000
    0.0328    0.1692         0
    0.2551    0.2711         0
    0.1999    0.1795         0
    0.7161    0.5853    1.0000
    0.2577    0.2972         0
    0.3285    0.2048         0
    0.5485    0.7026    1.0000
    0.1623    0.2979         0
    0.7511    0.7297    1.0000
    0.1464    0.3685         0
    0.0872    0.0802         0
    0.2367    0.3348         0
    0.8137    0.7450    1.0000
    0.7063    0.6453    1.0000
    0.1980    0.2875         0
    0.3195    0.3647         0
    0.7068    0.6940    1.0000
    0.6369    0.8801    1.0000
    0.7827    0.6083    1.0000
    0.7943    0.5880    1.0000
    0.7385    0.7069    1.0000
    0.2026    0.3544         0
    0.7363    0.9554    1.0000
    0.2765    0.2573         0
    0.2406    0.1713         0
    0.4064    0.2136         0
    0.7384    0.7542    1.0000
    0.7090    0.7430    1.0000
    0.2654    0.3151         0
    0.2802    0.0494         0
    0.7152    0.8024    1.0000
    0.2620    0.2223         0
    0.3371    0.3897         0
    0.2265    0.3701         0
    0.3431    0.2748         0
    0.7170    0.6522    1.0000
    0.2811    0.1684         0
    0.2149    0.3963         0
    0.7317    0.8325    1.0000
    0.6730    0.6188    1.0000
    0.2595    0.1634         0
    0.3545    0.0399         0
    0.7262    0.7840    1.0000
    0.7205    0.7925    1.0000
    0.1690    0.3677         0
    0.2256    0.3318         0
    0.6089    0.7093    1.0000
    0.6992    0.7533    1.0000
    0.9635    0.8035    1.0000
    0.6872    0.5895    1.0000
    0.3323    0.2864         0
    0.5893    0.6477    1.0000
    0.2524    0.1178         0
    0.6395    0.8924    1.0000
    0.3843    0.2480         0
    0.6162    0.8090    1.0000
    0.6642    0.7821    1.0000
    0.1847    0.1983         0
    0.7815    0.6011    1.0000
    0.3411    0.1882         0
    0.3261    0.2766         0
    0.6935    0.6819    1.0000
    0.6328    0.7621    1.0000
    0.1186    0.4356         0
    0.2496    0.2532         0
    0.6012    0.6987    1.0000
    0.7126    0.6334    1.0000
    0.6746    0.5485    1.0000
    0.7591    0.7869    1.0000
    0.7108    0.8153    1.0000
    0.4733    0.3747         0
    0.3105    0.2607         0
    0.3316    0.1004         0
    0.7080    0.6757    1.0000
    0.3314    0.2307         0
    0.1840    0.0571         0
    0.2500    0.3029         0
    0.2275    0.3172         0
    0.3414    0.4653         0
    0.6865    0.7269    1.0000
    0.3448    0.3627         0
    0.3797    0.2207         0
    0.2258    0.3475         0
    0.6616    0.8233    1.0000
    0.2389    0.3730         0
    0.8826    0.7600    1.0000
    0.8408    0.8414    1.0000
    0.2785    0.2049         0
    0.8051    0.6346    1.0000
    0.3322    0.1223         0
    0.5889    0.6034    1.0000
    0.7838    0.7699    1.0000
    0.1579    0.3398         0
    0.6008    0.8612    1.0000
    0.8854    0.6667    1.0000
    0.2720    0.2286         0
    0.8368    0.6376    1.0000
    0.1376    0.2718         0
    0.9585    0.7677    1.0000
    0.2476    0.1861         0
    0.7348    0.7351    1.0000
    0.7358    0.8355    1.0000
    0.6824    0.7598    1.0000
    0.6653    0.8144    1.0000
    0.2159    0.3639         0
    0.7176    0.7576    1.0000
    0.7509    0.6731    1.0000
    0.8121    0.6075    1.0000
    0.6297    0.8988    1.0000
    0.2079    0.2331         0
    0.2599    0.3281         0
    0.3530    0.3810         0
    0.2999    0.2954         0
    0.7712    0.7860    1.0000
    0.3391    0.2849         0
    0.7414    0.6046    1.0000
    0.7414    0.7582    1.0000
    0.6727    0.6121    1.0000
    0.3490    0.2191         0
    0.7653    0.7363    1.0000
    0.2158    0.3110         0
    0.7967    0.7205    1.0000
    0.6808    0.7705    1.0000
    0.2186    0.2135         0
    0.7237    0.7187    1.0000
    0.2409    0.1704         0
    0.2223    0.2758         0
    0.2077    0.1136         0
    0.1978    0.2333         0
    0.1628    0.2421         0
    0.7048    0.6201    1.0000
    0.3300    0.2922         0
    0.3255    0.2253         0
    0.2695    0.1698         0
    0.1359    0.1059         0
    0.8614    0.6020    1.0000
    0.2963    0.1014         0
    0.9549    0.7779    1.0000
    0.3381    0.2490         0
    0.1050    0.1845         0
    0.2955    0.2717         0
    0.1201    0.3639         0
    0.8278    0.6915    1.0000
    0.1760    0.2676         0
    0.2925    0.2616         0
    0.3774    0.3610         0
    0.7136    0.5651    1.0000
    0.5639    0.7156    1.0000
    0.2798    0.3635         0
    0.3886    0.2707         0
    0.7838    0.5901    1.0000
    0.7476    0.6857    1.0000
    0.7205    0.8255    1.0000
    0.6843    0.8430    1.0000
    0.3499    0.5400         0
    0.2726    0.2768         0
    0.6745    0.6619    1.0000
    0.6218    0.7604    1.0000
    0.2151    0.2107         0
    0.2830    0.2707         0
    0.6307    0.7957    1.0000
    0.6083    0.6422    1.0000
    0.6948    0.7362    1.0000
    0.6437    0.5940    1.0000
    0.3000    0.2517         0
    0.7403    0.6688    1.0000
    0.8815    0.6112    1.0000
    0.2569    0.3808         0
    0.7889    0.6717    1.0000
    0.2162    0.0969         0
    0.3131    0.2920         0
    0.6501    0.7582    1.0000
    0.1822    0.2025         0
    0.2139    0.2880         0
    0.7707    0.6625    1.0000
    0.6436    0.6678    1.0000
    0.2844    0.3265         0
    0.5707    1.0000    1.0000
    0.6740    0.6766    1.0000
    0.8800    0.6683    1.0000
    0.6677    0.6196    1.0000
    0.8440    0.6680    1.0000
    0.7340    0.6531    1.0000
    0.1409    0.0978         0
    0.6937    0.6787    1.0000
    0.3088    0.3623         0
    0.3195    0.1020         0
    0.0595    0.2017         0
    0.8203    0.6333    1.0000
    0.8235    0.9063    1.0000
    0.1660    0.1507         0
    0.7732    0.8297    1.0000
    0.2786    0.2053         0
    0.1424    0.3914         0
    0.7605    0.7434    1.0000
    0.7414    0.9435    1.0000
    0.7236    0.7377    1.0000
    0.2274    0.3219         0
    0.6708    0.6024    1.0000
    0.3324    0.2471         0
    0.6472    0.7177    1.0000
    0.6740    0.6963    1.0000
    0.7728    0.6012    1.0000
    0.8122    0.8349    1.0000
    0.7900    0.7132    1.0000
    0.7719    0.7396    1.0000
    0.7892    0.7066    1.0000
    0.2677    0.3024         0
    0.1065    0.1435         0
    0.6333    0.8186    1.0000
    0.7921    0.7638    1.0000
    0.4162    0.2933         0
    0.1514    0.3235         0
    0.5351    0.7059    1.0000
    0.4545    0.3106         0
    0.3194    0.4228         0
    0.6995    0.7937    1.0000
    0.2989    0.1842         0
    0.1498    0.1975         0
    0.7755    0.6853    1.0000
    0.6509    0.5845    1.0000
    0.8768    0.8643    1.0000
    0.3595    0.2368         0
    0.5419    0.8878    1.0000
    0.7060    0.6205    1.0000
    0.5775    0.6286    1.0000
    0.7736    0.6876    1.0000
    0.7883    0.8872    1.0000
    0.8365    0.7919    1.0000
    0.2484    0.2474         0
    0.8172    0.7220    1.0000
    0.3902    0.3832         0
    0.3095    0.1875         0
    0.6205    0.7477    1.0000
    0.7257    0.6508    1.0000
    0.7374    0.8459    1.0000
    0.7613    0.6474    1.0000
    0.1491    0.2445         0
    0.2757    0.2607         0
    0.8751    0.7669    1.0000
    0.2823    0.3549         0
    0.7515    0.7822    1.0000
    0.2534    0.2033         0
    0.2080    0.1809         0
    0.7543    0.9163    1.0000
    0.4505    0.3735         0
    0.6857    0.7334    1.0000
    0.3106    0.2497         0
    0.6639    0.6866    1.0000
    0.2807    0.2720         0
    0.0819    0.4175         0
    0.7727    0.6426    1.0000
    0.8048    0.6836    1.0000
    0.2609    0.3728         0
    0.6671    0.8158    1.0000
    0.7794    0.5903    1.0000
    0.7362    0.8345    1.0000
    0.5776    0.6383    1.0000
    0.2588    0.2382         0
    0.6447    0.8170    1.0000
    0.6037    0.7339    1.0000
    0.2721    0.0845         0
    0.0789    0.3251         0
    0.8043    0.6386    1.0000
    0.2930    0.0253         0
    0.2037    0.2869         0
    0.6037    0.8001    1.0000
    0.3340    0.2635         0
    0.4711    0.1225         0
    0.3827    0.0739         0
    0.7778    0.6105    1.0000
    0.3321    0.1305         0
    0.7231    0.9000    1.0000
    0.1769    0.1653         0
    0.2861    0.2208         0
    0.6972    0.6833    1.0000
    0.1960    0.2822         0
    0.7581    0.6405    1.0000
    0.7430    0.6571    1.0000
    0.8126    0.6381    1.0000
    0.5819    0.6311    1.0000
    0.1925    0.1942         0
    0.7107    0.8903    1.0000
    1.0000    0.6381    1.0000
    0.7306    0.6647    1.0000
    0.8252    0.8833    1.0000
    0.6836    0.7340    1.0000
    0.7829    0.8203    1.0000
    0.7603    0.7843    1.0000
    0.2542    0.1722         0
    0.3319    0.3023         0
    0.1533    0.0670         0
    0.7876    0.6998    1.0000
    0.3217    0.2815         0
    0.6329    0.7792    1.0000
    0.1302    0.2890         0
    0.3648    0.2816         0
    0.5977    0.6485    1.0000
    0.1839    0.3398         0
    0.1254    0.1994         0
    0.7336    0.7487    1.0000
    0.1620    0.1568         0
    0.3234    0.3424         0
    0.7961    0.6010    1.0000
    0.3274    0.1833         0
    0.6895    0.6960    1.0000
    0.2068    0.2891         0
    0.6907    0.6378    1.0000
    0.1730    0.0348         0
    0.7382    0.5093    1.0000
    0.6835    0.6797    1.0000
    0.8585    0.7193    1.0000
    0.2064    0.2120         0
    0.2784    0.3703         0
    0.1522    0.1323         0
    0.6774    0.7792    1.0000
    0.2018    0.2888         0
    0.7389    0.5657    1.0000
    0.3987    0.2630         0
    0.6501    0.6667    1.0000
    0.2030    0.3131         0
    0.2731    0.1592         0
    0.5983    0.8880    1.0000
    0.2089    0.4043         0
    0.4228    0.3292         0
    0.8909    0.9021    1.0000
    0.1370    0.3970         0
    0.2188    0.3096         0
    0.2757    0.2405         0
    0.3126    0.1931         0
    0.8453    0.7963    1.0000
    0.3396    0.0399         0
    0.6403    0.7648    1.0000
    0.2516    0.2331         0
    0.2743    0.2350         0
    0.2510    0.0419         0
    0.3803    0.2090         0
    0.3210    0.2696         0
    0.6924    0.6272    1.0000
    0.7912    0.8887    1.0000
    0.2300    0.1731         0
    0.3055    0.3473         0
    0.6464    0.7931    1.0000
    0.3886    0.3903         0
    0.9177    0.6809    1.0000
    0.2970    0.3210         0
    0.7547    0.6724    1.0000
    0.6603    0.6456    1.0000
    0.6682    0.7514    1.0000
    0.6146    0.8000    1.0000
    0.6829    0.6975    1.0000
    0.3927    0.1673         0
    0.6997    0.7366    1.0000
    0.7190    0.6407    1.0000
    0.3652    0.3757         0
    0.7385    0.7253    1.0000
    0.0250    0.2383         0
    0.3022    0.3313         0
    0.6663    0.6791    1.0000
    0.7433    0.5915    1.0000
    0.6772    0.7541    1.0000
    0.2086    0.3359         0
    0.7319    0.5148    1.0000
    0.1757    0.1873         0
    0.2842    0.3117         0
    0.7383    0.7581    1.0000
    0.6975    0.7787    1.0000
    0.3468    0.2311         0
    0.7209    0.6327    1.0000
    0.7815    0.6981    1.0000
    0.7911    0.9456    1.0000
    0.8064    0.6268    1.0000
    0.4224    0.2732         0
    0.2150    0.3057         0
    0.4483    0.2993         0
    0.7927    0.6071    1.0000
    0.2372    0.2391         0
    0.7163    0.7897    1.0000
    0.2243    0.1289         0
    0.3200    0.3740         0
    0.2626    0.2418         0
    0.1764    0.2728         0
    0.7768    0.8223    1.0000
    0.8774    0.7144    1.0000
    0.2238    0.2069         0
    0.1726    0.1433         0
    0.7876    0.7424    1.0000
    0.2908    0.1797         0
    0.8477    0.7526    1.0000
    0.8072    0.6768    1.0000
    0.8141    0.6786    1.0000
    0.6129    0.7598    1.0000
    0.7476    0.8167    1.0000
    0.8549    0.6100    1.0000
    0.2489    0.3152         0
    0.6898    0.6849    1.0000
    0.1839    0.2461         0
    0.6907    0.6393    1.0000
    0.5961    0.6303    1.0000
    0.3402    0.1395         0
    0.2160    0.3552         0
    0.3117    0.2522         0
    0.6637    0.8367    1.0000
    0.4072    0.2854         0
    0.7649    0.5833    1.0000
    0.6878    0.6369    1.0000
    0.8335    0.8221    1.0000
    0.2891    0.2540         0
    0.6767    0.8720    1.0000
    0.2885    0.2303         0
    0.2671    0.2828         0
    0.3296    0.1627         0
    0.1713    0.3136         0
    0.3047    0.2928         0
    0.6382    0.6607    1.0000
    0.2104    0.2598         0
    0.3672    0.2276         0
    0.7147    0.7358    1.0000
    0.2411    0.3613         0
    0.2256    0.2994         0
    0.7639    0.8560    1.0000
    0.7690    0.7797    1.0000
    0.2877    0.1881         0
    0.6549    0.6115    1.0000
    0.6520    0.8267    1.0000
    0.5831    0.8409    1.0000
    0.7429    0.7809    1.0000
    0.4824    0.1980         0
    0.1668    0.1448         0
    0.2040    0.5294         0
    0.7566    0.9674    1.0000
    0.8422    0.7150    1.0000
    0.7152    0.6935    1.0000
    0.1372    0.1283         0
    0.6080    0.7110    1.0000
    0.7426    0.8081    1.0000
    0.6948    0.6964    1.0000
    0.2925    0.2994         0
    0.3813    0.2927         0
    0.5008    0.7916    1.0000
    0.2752    0.3241         0
    0.2525    0.1382         0
    0.2288    0.3427         0
    0.3267    0.3278         0
    0.6746    0.7426    1.0000
    0.6531    0.8285    1.0000
    0.2258    0.2814         0
    0.9011    0.7317    1.0000
    0.6595    0.7151    1.0000
    0.9642    0.7689    1.0000
    0.7019    0.6885    1.0000
    0.6970    0.7044    1.0000
    0.7637    0.6544    1.0000
    0.2641    0.3036         0
    0.2924    0.2727         0
    0.2056    0.3021         0
    0.2284    0.2747         0
    0.5916    0.8629    1.0000
    0.3947    0.1178         0
    0.6444    0.6954    1.0000
    0.6177    0.7893    1.0000
    0.7502    0.8412    1.0000
    0.6852    0.7683    1.0000
    0.6343    0.6424    1.0000
    0.6796    0.6910    1.0000
    0.1080    0.2617         0
    0.1248    0.1423         0
    0.4985    0.7638    1.0000
    0.3339    0.0070         0
    0.3014    0.1852         0
    0.3500    0.1102         0
    0.1540    0.2367         0
    0.2496    0.0931         0
    0.0380    0.2414         0
    0.6309    0.8633    1.0000
    0.6622    0.5920    1.0000
    0.7837    0.5839    1.0000
    0.7916    0.6607    1.0000
    0.5031    0.6828    1.0000
    0.2191    0.2325         0
    0.6778    0.8020    1.0000
    0.6847    0.7882    1.0000
    0.3613    0.2130         0
    0.6866    0.7777    1.0000
    0.3415    0.2064         0
    0.8139    0.6966    1.0000
    0.3963    0.3372         0
    0.6482    0.6861    1.0000
    0.9845    0.8747    1.0000
    0.6684    0.6201    1.0000
    0.6606    0.7176    1.0000
    0.8141    0.5559    1.0000
    0.3233    0.2457         0
    0.8244    0.8343    1.0000
    0.9217    0.7528    1.0000
    0.7085    0.5315    1.0000
    0.7343    0.4962    1.0000
    0.3520    0.4249         0
    0.6664    0.8167    1.0000
    0.2690    0.1750         0
    0.1481    0.3519         0
    0.5073    0.7790    1.0000
    0.6959    0.7012    1.0000
    0.2737    0.0954         0
    0.3214    0.1760         0
    0.3178    0.1257         0
    0.2353    0.0440         0
    0.7162    0.6097    1.0000
    0.6324    0.7906    1.0000
    0.2781    0.1358         0
    0.7901    0.7353    1.0000
    0.6286    0.7197    1.0000
    0.7970    0.6752    1.0000
    0.2813    0.1639         0
    0.8036    0.7205    1.0000
    0.6854    0.6976    1.0000
    0.2036    0.4645         0
    0.3021    0.2074         0
    0.1533    0.1914         0
    0.2632    0.2543         0
    0.2687    0.3461         0
    0.8253    0.6762    1.0000
    0.6424    0.8138    1.0000
    0.3511    0.0822         0
    0.8986    0.7723    1.0000
    0.2908    0.2525         0
    0.8061    0.6722    1.0000
    0.3493    0.3656         0
    0.3399    0.2506         0
    0.5572    0.6616    1.0000
    0.7946    0.5811    1.0000
    0.7765    0.6583    1.0000
    0.7784    0.6361    1.0000
    0.2807    0.2338         0
    0.1399    0.2186         0
    0.3514    0.2936         0
    0.8054    0.6989    1.0000
    0.7644    0.6526    1.0000
    0.6255    0.6809    1.0000
    0.8641    0.8400    1.0000
    0.3626    0.1856         0
    0.6562    0.9007    1.0000
    0.2221    0.3731         0
    0.1358    0.1460         0
    0.2090    0.1908         0
    0.3690    0.3637         0
    0.1277    0.3062         0
    0.2070    0.2736         0
    0.1700    0.2414         0
    0.6202    0.8663    1.0000
    0.7281    0.7729    1.0000
    0.7631    0.6957    1.0000
    0.2349    0.2984         0
    0.6883    0.6076    1.0000
    0.2532    0.2304         0
    0.6603    0.8740    1.0000